dhry/sec #branches      #branch-misses
=== orig
526315.8 10,222,142,312 180,619,833
523560.2 10,222,043,626 180,573,874
525394.1 10,222,241,906 180,619,158
522648.1 10,222,153,308 180,589,855
526315.8 10,222,146,152 180,622,937
528169.0 10,222,135,818 180,587,486
528169.0 10,222,165,852 180,595,269
528169.0 10,222,107,796 180,608,057
529100.5 10,222,580,514 180,572,835
524475.5 10,222,101,145 180,578,376

=== ibtc
517241.4 10,312,298,227 168,880,818
521739.1 10,312,203,919 167,913,214
503355.7 10,312,391,964 168,426,982
523560.2 10,312,251,971 169,113,789
521739.1 10,312,241,870 168,643,847
519031.2 10,312,315,353 168,556,728
528169.0 10,312,315,230 169,398,356
494233.9 10,312,328,710 159,860,971
524475.5 10,312,590,929 168,811,666
522648.1 10,312,331,901 168,694,832

=== shack
691244.2  7,322,453,035  72,019,098
689655.2  7,322,389,740  72,273,239
697674.4  7,322,283,065  71,729,716
700934.6  7,322,503,293  71,654,141
694444.4  7,322,302,989  71,740,543
697674.4  7,322,283,463  72,043,331
697674.4  7,322,294,087  71,535,947
692840.6  7,322,340,802  72,164,578
694444.4  7,322,304,317  71,532,536
696055.7  7,322,370,227  71,623,388

=== both
707547.2  7,112,443,512  59,269,193
712589.1  7,112,459,956  59,245,509
710900.5  7,112,413,113  59,299,202
702576.1  7,112,441,845  59,759,117
714285.7  7,112,466,327  59,070,497
715990.4  7,112,411,584  59,520,958
712589.1  7,112,472,080  59,296,503
715990.4  7,112,448,412  59,132,114
717703.4  7,112,438,378  59,212,994
712589.1  7,112,487,041  59,215,948

